{
  "run_id": "run4_resolution",
  "description": "Run 4: 5 local brand pairs with Brand Function specifications. Tests whether specification resolves dimensional collapse.",
  "n_calls": 329,
  "n_successful": 329,
  "models": [
    "cerebras_qwen3",
    "claude",
    "dashscope_qwen_plus",
    "deepseek",
    "fireworks_glm",
    "gemini",
    "gemma4_local",
    "gigachat_api",
    "gpt",
    "gptoss_swallow",
    "grok",
    "groq_allam",
    "groq_kimi",
    "groq_llama33",
    "qwen3_local",
    "sambanova_deepseek",
    "sarvam",
    "yandexgpt_pro"
  ],
  "brand_pairs": [
    "cyprus_supermarket",
    "kenya_beer",
    "latvia_chocolate",
    "serbia_water",
    "vietnam_dairy"
  ],
  "dimensional_weights": {
    "claude": {
      "semiotic": 9.286,
      "narrative": 13.143,
      "ideological": 12.5,
      "experiential": 20.179,
      "social": 13.929,
      "economic": 15.214,
      "cultural": 7.571,
      "temporal": 8.179
    },
    "gpt": {
      "semiotic": 15.0,
      "narrative": 13.226,
      "ideological": 7.581,
      "experiential": 19.355,
      "social": 10.323,
      "economic": 20.968,
      "cultural": 5.968,
      "temporal": 7.581
    },
    "gemini": {
      "semiotic": 6.875,
      "narrative": 12.0,
      "ideological": 12.167,
      "experiential": 11.042,
      "social": 14.042,
      "economic": 12.417,
      "cultural": 20.75,
      "temporal": 10.708
    },
    "deepseek": {
      "semiotic": 9.516,
      "narrative": 13.226,
      "ideological": 12.742,
      "experiential": 15.161,
      "social": 14.516,
      "economic": 14.355,
      "cultural": 12.097,
      "temporal": 8.387
    },
    "qwen3_local": {
      "semiotic": 14.231,
      "narrative": 9.615,
      "ideological": 5.577,
      "experiential": 19.808,
      "social": 10.962,
      "economic": 25.0,
      "cultural": 5.192,
      "temporal": 9.808
    },
    "gemma4_local": {
      "semiotic": 10.897,
      "narrative": 13.069,
      "ideological": 9.897,
      "experiential": 15.586,
      "social": 15.586,
      "economic": 16.414,
      "cultural": 12.517,
      "temporal": 9.138
    },
    "cerebras_qwen3": {
      "semiotic": 14.0,
      "narrative": 11.0,
      "ideological": 10.667,
      "experiential": 18.333,
      "social": 10.0,
      "economic": 20.667,
      "cultural": 7.333,
      "temporal": 8.0
    },
    "fireworks_glm": {
      "semiotic": 4.4,
      "narrative": 9.0,
      "ideological": 10.0,
      "experiential": 15.0,
      "social": 12.0,
      "economic": 19.0,
      "cultural": 21.0,
      "temporal": 9.6
    },
    "dashscope_qwen_plus": {
      "semiotic": 9.133,
      "narrative": 13.333,
      "ideological": 14.667,
      "experiential": 20.867,
      "social": 11.467,
      "economic": 17.533,
      "cultural": 7.0,
      "temporal": 6.0
    },
    "sambanova_deepseek": {
      "semiotic": 12.667,
      "narrative": 12.667,
      "ideological": 10.667,
      "experiential": 18.667,
      "social": 14.0,
      "economic": 14.667,
      "cultural": 9.667,
      "temporal": 7.0
    },
    "groq_llama33": {
      "semiotic": 9.333,
      "narrative": 16.0,
      "ideological": 14.867,
      "experiential": 16.867,
      "social": 11.8,
      "economic": 10.667,
      "cultural": 9.8,
      "temporal": 10.667
    },
    "groq_allam": {
      "semiotic": 13.333,
      "narrative": 12.917,
      "ideological": 5.0,
      "experiential": 20.417,
      "social": 10.417,
      "economic": 23.75,
      "cultural": 5.0,
      "temporal": 10.417
    },
    "groq_kimi": {
      "semiotic": 10.0,
      "narrative": 11.667,
      "ideological": 12.933,
      "experiential": 18.4,
      "social": 13.867,
      "economic": 18.0,
      "cultural": 9.133,
      "temporal": 6.0
    },
    "grok": {
      "semiotic": 8.714,
      "narrative": 13.714,
      "ideological": 14.0,
      "experiential": 13.286,
      "social": 16.571,
      "economic": 11.929,
      "cultural": 16.429,
      "temporal": 5.357
    },
    "sarvam": {
      "semiotic": 13.7,
      "narrative": 10.7,
      "ideological": 5.8,
      "experiential": 19.5,
      "social": 10.5,
      "economic": 24.3,
      "cultural": 6.0,
      "temporal": 10.5
    },
    "gigachat_api": {
      "semiotic": 11.786,
      "narrative": 13.214,
      "ideological": 11.071,
      "experiential": 18.929,
      "social": 11.071,
      "economic": 18.571,
      "cultural": 7.5,
      "temporal": 7.857
    },
    "yandexgpt_pro": {
      "semiotic": 15.0,
      "narrative": 10.0,
      "ideological": 11.0,
      "experiential": 22.0,
      "social": 10.0,
      "economic": 19.0,
      "cultural": 6.0,
      "temporal": 7.0
    },
    "gptoss_swallow": {
      "semiotic": 12.733,
      "narrative": 10.8,
      "ideological": 8.067,
      "experiential": 20.333,
      "social": 10.867,
      "economic": 21.333,
      "cultural": 8.0,
      "temporal": 8.667
    }
  },
  "dci_per_model": {
    "claude": 24.5,
    "gpt": 35.968,
    "gemini": 19.292,
    "deepseek": 23.871,
    "qwen3_local": 39.231,
    "gemma4_local": 27.31,
    "cerebras_qwen3": 34.667,
    "fireworks_glm": 23.4,
    "dashscope_qwen_plus": 26.667,
    "sambanova_deepseek": 27.333,
    "groq_llama33": 20.0,
    "groq_allam": 37.083,
    "groq_kimi": 28.0,
    "grok": 20.643,
    "sarvam": 38.0,
    "gigachat_api": 30.357,
    "yandexgpt_pro": 34.0,
    "gptoss_swallow": 34.067
  },
  "dci_aggregate": {
    "mean": 29.006,
    "std": 8.36,
    "n": 329,
    "baseline": 25.0,
    "h1_t_statistic": 8.6918,
    "h1_p_value": 0.0
  },
  "cosine_similarity": {
    "model_order": [
      "cerebras_qwen3",
      "claude",
      "dashscope_qwen_plus",
      "deepseek",
      "fireworks_glm",
      "gemini",
      "gemma4_local",
      "gigachat_api",
      "gpt",
      "gptoss_swallow",
      "grok",
      "groq_allam",
      "groq_kimi",
      "groq_llama33",
      "qwen3_local",
      "sambanova_deepseek",
      "sarvam",
      "yandexgpt_pro"
    ],
    "matrix": [
      [
        1.0,
        0.9718,
        0.9763,
        0.9556,
        0.8945,
        0.8633,
        0.9644,
        0.9944,
        0.9937,
        0.9952,
        0.8985,
        0.9813,
        0.9818,
        0.9334,
        0.9825,
        0.9774,
        0.9856,
        0.9929
      ],
      [
        0.9718,
        1.0,
        0.9925,
        0.9828,
        0.9037,
        0.8979,
        0.9782,
        0.9893,
        0.9631,
        0.9709,
        0.9433,
        0.9454,
        0.9924,
        0.9775,
        0.9356,
        0.9914,
        0.9431,
        0.972
      ],
      [
        0.9763,
        0.9925,
        1.0,
        0.9693,
        0.8935,
        0.8737,
        0.9603,
        0.99,
        0.9644,
        0.9704,
        0.9269,
        0.9436,
        0.992,
        0.9646,
        0.9359,
        0.9802,
        0.9421,
        0.9772
      ],
      [
        0.9556,
        0.9828,
        0.9693,
        1.0,
        0.9437,
        0.9588,
        0.9945,
        0.9731,
        0.9391,
        0.9499,
        0.9836,
        0.9142,
        0.985,
        0.9821,
        0.9062,
        0.9868,
        0.9174,
        0.9402
      ],
      [
        0.8945,
        0.9037,
        0.8935,
        0.9437,
        1.0,
        0.9708,
        0.9474,
        0.9036,
        0.8665,
        0.904,
        0.9405,
        0.8597,
        0.9241,
        0.8945,
        0.8608,
        0.9104,
        0.8738,
        0.8642
      ],
      [
        0.8633,
        0.8979,
        0.8737,
        0.9588,
        0.9708,
        1.0,
        0.952,
        0.8834,
        0.8335,
        0.8609,
        0.9747,
        0.8089,
        0.9076,
        0.9285,
        0.8018,
        0.9124,
        0.82,
        0.8305
      ],
      [
        0.9644,
        0.9782,
        0.9603,
        0.9945,
        0.9474,
        0.952,
        1.0,
        0.9764,
        0.9548,
        0.9649,
        0.9715,
        0.9378,
        0.9831,
        0.9653,
        0.9319,
        0.9885,
        0.9414,
        0.9468
      ],
      [
        0.9944,
        0.9893,
        0.99,
        0.9731,
        0.9036,
        0.8834,
        0.9764,
        1.0,
        0.9895,
        0.9913,
        0.923,
        0.975,
        0.9914,
        0.9599,
        0.9685,
        0.9889,
        0.9745,
        0.9885
      ],
      [
        0.9937,
        0.9631,
        0.9644,
        0.9391,
        0.8665,
        0.8335,
        0.9548,
        0.9895,
        1.0,
        0.9939,
        0.8758,
        0.9918,
        0.9686,
        0.9183,
        0.9876,
        0.9716,
        0.9903,
        0.9887
      ],
      [
        0.9952,
        0.9709,
        0.9704,
        0.9499,
        0.904,
        0.8609,
        0.9649,
        0.9913,
        0.9939,
        1.0,
        0.89,
        0.9902,
        0.978,
        0.9228,
        0.99,
        0.9751,
        0.9929,
        0.9898
      ],
      [
        0.8985,
        0.9433,
        0.9269,
        0.9836,
        0.9405,
        0.9747,
        0.9715,
        0.923,
        0.8758,
        0.89,
        1.0,
        0.8372,
        0.9521,
        0.9567,
        0.8294,
        0.9556,
        0.8427,
        0.8796
      ],
      [
        0.9813,
        0.9454,
        0.9436,
        0.9142,
        0.8597,
        0.8089,
        0.9378,
        0.975,
        0.9918,
        0.9902,
        0.8372,
        1.0,
        0.9482,
        0.89,
        0.9954,
        0.9475,
        0.9976,
        0.9729
      ],
      [
        0.9818,
        0.9924,
        0.992,
        0.985,
        0.9241,
        0.9076,
        0.9831,
        0.9914,
        0.9686,
        0.978,
        0.9521,
        0.9482,
        1.0,
        0.961,
        0.9465,
        0.9906,
        0.9516,
        0.9756
      ],
      [
        0.9334,
        0.9775,
        0.9646,
        0.9821,
        0.8945,
        0.9285,
        0.9653,
        0.9599,
        0.9183,
        0.9228,
        0.9567,
        0.89,
        0.961,
        1.0,
        0.8701,
        0.9708,
        0.8857,
        0.9263
      ],
      [
        0.9825,
        0.9356,
        0.9359,
        0.9062,
        0.8608,
        0.8018,
        0.9319,
        0.9685,
        0.9876,
        0.99,
        0.8294,
        0.9954,
        0.9465,
        0.8701,
        1.0,
        0.9409,
        0.9989,
        0.9744
      ],
      [
        0.9774,
        0.9914,
        0.9802,
        0.9868,
        0.9104,
        0.9124,
        0.9885,
        0.9889,
        0.9716,
        0.9751,
        0.9556,
        0.9475,
        0.9906,
        0.9708,
        0.9409,
        1.0,
        0.9477,
        0.9756
      ],
      [
        0.9856,
        0.9431,
        0.9421,
        0.9174,
        0.8738,
        0.82,
        0.9414,
        0.9745,
        0.9903,
        0.9929,
        0.8427,
        0.9976,
        0.9516,
        0.8857,
        0.9989,
        0.9477,
        1.0,
        0.9754
      ],
      [
        0.9929,
        0.972,
        0.9772,
        0.9402,
        0.8642,
        0.8305,
        0.9468,
        0.9885,
        0.9887,
        0.9898,
        0.8796,
        0.9729,
        0.9756,
        0.9263,
        0.9744,
        0.9756,
        0.9754,
        1.0
      ]
    ],
    "mean_pairwise": 0.9454
  },
  "source_files": [
    "run4_resolution.jsonl"
  ],
  "schema_version": "1.0"
}